-----------------------------------1
0
5
3
10
0
5
2
2
-----------------------------------2
0
-----------------------------------3
0
-6
3
0
-----------------------------------4
0
0
16
0
5
7
5
10
0
-----------------------------------5
2
0
3
-----------------------------------6
0
4
13
6
3
0
-----------------------------------7
10
7
6
0
-1
-----------------------------------8
0
11
14
4
0
10
0
-----------------------------------9
0
5
-3
2
7
-----------------------------------10
9
8
9
3
0
5
-----------------------------------11
11
0
7
8
7
10
0
-----------------------------------12
6
4
3
0
-3
5
2
-----------------------------------13
1
0
-6
-----------------------------------14
0
-----------------------------------15
0
0
6
-----------------------------------16
0
-2
-----------------------------------17
1
0
-----------------------------------18
3
5
9
7
0
7
-----------------------------------19
0
0
-3
18
-----------------------------------20
5
10
11
1
0
0
21
2
